24
27 0 0.034208652951548221 0 0.001025613052464391 0 0.017024221163797454 0 0.018902324809087219 0 0.042451060376904048 0 0.003896175740282916 0 0.009360259152921852 0 0.093573729706063369 0 0.054778318867890495 0 0.006286854209261770 0 0.060348622125904416 0 0.069385524905846638 0 0.042494218803039552 0 0.090617645868179178 0 0.010837012774220790 0 0.038844230065895359 0 0.005334244245346783 0 0.044522182345946258 0 0.038170618545573937 0 0.014777229812949922 0 0.020175487971243272 0 0.041294229424796339 0 0.100988183857861208 0 0.000018922958617684 0 0.053230546258494903 0 0.001917354585220707 0 0.085536535420641407
8 0 0.079199869320252775 0 0.088500789616394571 0 0.018555666296206540 0 0.001223239361740080 0 0.322952178900069942 0 0.352091171005213033 0 0.119392024758058768 0 0.018085060742064157
11 0 0.008271534438895138 0 0.011767112582725106 0 0.034419656660825186 0 0.005048851093593335 0 0.034605939780094214 0 0.118606389430068321 0 0.249916105042922942 0 0.096656796671506576 0 0.010348271506858535 0 0.333723264857548940 0 0.096636077934961734
9 0 0.201829489509077503 0 0.032792581044653060 0 0.004854965229810972 0 0.161719681864088388 0 0.198290624806166133 0 0.047444376038050233 0 0.107719634509330683 0 0.195813083247753705 0 0.049535563751069302
8 0 0.046333036921695728 0 0.429768200623245555 0 0.145937087270692101 0 0.017059874189286936 0 0.181654902535097446 0 0.007530384557563361 0 0.044850964255617146 0 0.126865549646801801
10 0 0.308098168266598638 0 0.082829946664822129 0 0.068625551348619029 0 0.095703126317301573 0 0.180819820251521629 0 0.019820362399099026 0 0.131648516071212723 0 0.061822503230314935 0 0.033467742214256309 0 0.017164263236253825
10 0 0.017634437087623963 0 0.423338433896821964 0 0.048518397435362064 0 0.017340303804969020 0 0.013065936566489021 0 0.063733500496490902 0 0.009267755195122001 0 0.258779670826451424 0 0.052845363986037057 0 0.095476200704632475
9 0 0.042202175967889173 0 0.006427186757896296 0 0.003026788367951077 0 0.034142858308268416 0 0.211854153845612209 0 0.038168790332902568 0 0.087722604125041195 0 0.503789878475492947 0 0.072665563818946011
8 0 0.017554351466776384 0 0.110917712838335514 0 0.028868921173408758 0 0.151029063148651055 0 0.255784698424810164 0 0.317778351216509602 0 0.035074232986840356 0 0.082992668744668319
12 0 0.213956022073744118 0 0.060981302418123814 0 0.048487769290900526 0 0.013061510418186371 0 0.003389740076623193 0 0.050084650250904264 0 0.041093087731841352 0 0.077874053593019438 0 0.001306963866448488 0 0.230407076267350380 0 0.059571497905315934 0 0.199786326107542100
6 0 0.328496580341386679 0 0.037143340401238768 0 0.173532137750110949 0 0.053450074861192402 0 0.019565080811038801 0 0.387812785835032370
6 0 0.121768786878255666 0 0.301361443892968817 0 0.275116433537078375 0 0.042249299602094698 0 0.048419657491905008 0 0.211084378597697464
8 0 0.078073076815214984 0 0.021882746073509856 0 0.177733964841270270 0 0.254775699579250003 0 0.064800936717952978 0 0.029973342202293897 0 0.121825406593594560 0 0.250934827176913344
15 0 0.168897148396668501 0 0.000462949499174814 0 0.051959707247364831 0 0.324730994389215433 0 0.111343638701398906 0 0.248532130028072340 0 0.023036694748285631 0 0.000646288189050709 0 0.002081227267617145 0 0.006520160310657029 0 0.022036130911402722 0 0.033310713495259228 0 0.002572303315659118 0 0.002173659061950388 0 0.001696254438223140
14 0 0.005889756375849373 0 0.003116158709879469 0 0.091791649516849899 0 0.061795489334025490 0 0.067261853923211171 0 0.061326929737364741 0 0.000147298424015070 0 0.028111132033575913 0 0.081059251311494468 0 0.304904037850338372 0 0.038707584971628711 0 0.118030101156568201 0 0.084313096067965207 0 0.053545660587234027
9 0 0.037988151651756917 0 0.293903841589762238 0 0.059481182891572587 0 0.046347808425896482 0 0.018274998894852942 0 0.224608948705001477 0 0.016742254008477224 0 0.154964437444692293 0 0.147688376387987930
11 0 0.072287354831273756 0 0.017390974741928331 0 0.003352804226501201 0 0.067564807026602267 0 0.172500873772909402 0 0.022139094964388248 0 0.210438129536112545 0 0.051947164811634861 0 0.049834150806389262 0 0.329329828217545306 0 0.003214817064714795
7 0 0.025266495125638680 0 0.001898563471872168 0 0.076501978438064527 0 0.013434802634819495 0 0.091364750120912039 0 0.367140869790140600 0 0.424392540418552511
8 0 0.063887026369803937 0 0.001318484061017345 0 0.137910087273894338 0 0.356646983537823925 0 0.226236854224853179 0 0.111762220076201207 0 0.058035390626378663 0 0.044202953830027307
6 0 0.220848118428167040 0 0.199648343833057601 0 0.091630936674747795 0 0.079413372911021268 0 0.249663857422456503 0 0.158795370730549834
7 0 0.380227873467321231 0 0.144194087710964702 0 0.086510719647455020 0 0.077351743581316371 0 0.163684767834763184 0 0.137647977721506831 0 0.010382830036672732
7 0 0.111475308850311219 0 0.066765914905053000 0 0.284208253424461432 0 0.316261568626247769 0 0.072178730690307363 0 0.012502001756295796 0 0.136608221747323288
10 0 0.000109958921971730 0 0.000656629673098542 0 0.081684615903342569 0 0.196241390007495992 0 0.425933613285272905 0 0.052237929801551494 0 0.043409153552706262 0 0.152969504953182039 0 0.009326959732865689 0 0.037430244168512788
10 0 0.000706881389837914 0 0.335894409311298436 0 0.023210707550488933 0 0.362578307747259909 0 0.014246612854729172 0 0.187918594406740080 0 0.000937222304228306 0 0.041595769752500310 0 0.005636296526269109 0 0.027275198156647733
